25.7237192505233
29.5260959651483
22.2087930277215
20.922071150312
33.3903390834852
27.4424782581148
24.8718228076346
30.0420540207652
21.8349999355116
11.3220787299673
16.5971411524686
23.1783295281979
28.6491020003647
21.6451109734008
25.9876247951022
18.4156573464945
34.8434291124464
15.3531164871994
20.4370123975636
29.601178763107
21.2999235856958
23.7296777344362
25.016631414808
21.2430583758737
30.3979613698074
15.7222971208789
29.3589463190023
35.1880233357762
31.4985849503458
34.608779627447
23.343319096391
23.8081811450641
37.00589395454
31.4039346513962
30.3669546012724
30.8192328953849
17.9967417397085
32.1933776107348
24.9791070204379
29.8939012082967
31.3161343467751
30.6030089825736
18.5649007052383
26.6972566876369
33.3045851936093
28.92931281603
21.9703516345841
24.0830534140976
30.6376127938621
26.3250284871988
33.4892716530859
23.3601890233729
13.7412772932187
25.4256586506314
29.8305561031943
25.1150382176948
17.279563251602
25.3368718831462
24.1935451844285
28.4590331353135
33.0326304352031
24.1793484783477
31.1148784369305
17.9950856654186
32.7897293593703
28.9262866937072
23.5993434832686
20.5861319134052
23.5581251947445
22.9478993741442
23.7168773203234
19.6630279049486
34.1007796701932
28.7027476565871
27.7882810106287
27.5059724876903
22.1924037879391
18.9356532948329
24.069639371138
22.0246648126494
18.913342522426
22.9199452308878
28.7023801003901
24.4660395856462
22.490631769551
20.9162747321019
22.3011051232188
29.2936626994958
17.7983310553963
28.1983080619079
23.6086038639706
27.3577758879994
28.4044105628258
23.5009775899445
13.2268506250851
27.4325504696299
19.7320621009031
21.4268928111314
33.9779688281166
26.831090505204
32.2118614845509
33.4978862127599
34.5883229028092
16.18539031198
36.9219086418439
20.7511039083745
23.3445819036795
27.9449369576533
20.2387416927067
19.8616588361658
33.6170983206308
27.2520161745139
22.8743440775304
22.270679161723
25.8534329635627
27.7736345621776
33.6018163694314
11.3341973454925
39.9918489225938
31.4254971757635
21.1108379650908
20.8271245454059
19.307359475399
32.6909472594918
30.4159150889757
28.6594637886993
18.1428958993903
24.2043903675366
18.9795744326883
24.7909274518244
30.7154227228105
16.1608172466719
29.362166571791
24.6781899437179
24.2077784160692
20.7140500843846
24.480162398826
25.4722894754581
26.7556729772033
19.0923272598837
29.097638951263
27.5111493252197
23.9283001147553
25.9716448202641
23.8570271211282
15.538812676982
23.5153546819272
27.3175918497666
30.2242448069495
31.1381153564264
29.8241228173078
28.1711420942806
33.4966442650066
25.3025038313802
21.6056038993305
29.5425861242171
29.3274758006619
26.1901088133213
30.5350058600151
22.6569186666682
32.8651473360171
18.6814145260468
24.7490757744438
17.2910179563283
23.9893188789361
19.1767534490381
20.4178506404722
17.4824870451459
25.4137585767848
33.4424602785638
25.5192599692131
28.7874731334151
20.8080588897022
32.1778299523131
29.9760072816432
22.0943440001932
25.4917743816923
15.3182329896821
39.1726742710852
26.8316625614275
13.8801429366946
25.6267236878108
22.7049158414395
30.8880955714552
27.3828430109712
25.4800617898023
26.2807663878685
18.4045213209386
29.8372055555991
33.6794389488242
35.9289619708008
17.6662817360556
20.5110794691921
20.2221583689135
29.3372528725699
30.8923393148576
30.9126870518624
24.6948964450268
14.367229530935
33.2027051293649
26.2050207616538
27.4336422432023
28.6986711418946
24.1976883063691
25.0442772559708
16.2818031805969
27.9475806924895
15.7103202017103
28.9354753193769
28.4601849775134
22.8951858663836
32.6149453788198
24.842513009684
31.0150533637253
25.5209995664096
26.6168120781229
21.6888235151927
19.0491418648825
33.1548634695476
24.5996260224021
35.2721836725054
18.1324788414752
28.9886655090563
28.8295780071392
19.5730591154502
18.3826127112014
25.2992599000282
30.5786644077333
16.8214710033439
17.2203234124517
22.474473453411
22.1931406933297
28.2512578782749
21.9870411776075
15.8346103336397
20.7464474576885
25.5701808469954
26.6914218332665
24.9548515675015
21.291108207629
16.664565735078
26.7038195972312
23.8519076080692
34.5058950756018
19.3687799308926
31.7396553275431
25.5867005050472
24.1395182021158
40.0008734193271
22.4278635238216
20.402791417663
22.4579713597592
28.1074744853842
25.6670408461942
33.7740318227349
27.2763452933417
25.9953179918448
26.6680207496883
19.4350987779438
22.5755273756067
22.7485469576849
14.8934201779443
19.0842098747125
24.9873472911707
31.2359744501864
29.0070263112516
29.3323948225452
7.73838640385962
30.7276440931366
24.9516781229556
25.7442804956849
19.5839875022252
25.3627540129988
30.8499144180544
21.708614680176
17.9384256326782
22.4410339044645
23.5856189483458
24.8744084179025
28.2674034368043
23.6535670825293
17.3892262031579
28.8218775898231
28.73403409959
22.5658335138538
18.8250075200116
15.4320873480478
23.5493722636889
21.0110507873773
11.0463371298133
16.3131107879691
25.1373388481989
29.9288163121791
30.4080425109088
20.1620252301936
23.642506797015
36.5933431844659
18.7438838183504
24.5200404382634
26.5223324997516
31.0913559279151
25.8574761740764
18.5685544818983
10.0374829499849
22.4189712214164
24.2917097405244
28.713742061124
27.2513130065225
16.3246944132807
26.5092712318145
27.4537163353733
29.7571737433908
23.1795365530443
26.2114549266526
10.9139941849517
27.8323211210834
30.5484057819163
31.3297299448644
25.4646705610545
31.9846894402996
31.997012040195
24.8566818382812
30.1807133301641
15.7684840698475
35.5714709301133
19.7652180675494
25.5311594669861
22.2029162436084
29.1126298883915
24.2101197890588
28.5698756596371
29.2688277468639
29.2981525272659
26.0113381704995
19.4225571842107
33.6108400515201
33.0114885151204
20.9940298977969
23.0806426672255
29.4626982517386
27.9369961475236
18.7040799808389
26.8217127038143
32.6258181947974
25.8032892468058
22.8957233588688
18.1058869273098
30.2145040825294
32.845431488326
26.4580627036322
26.3886658512311
29.2993132593857
21.0209093904479
16.7839380571447
19.47347408406
21.6072139139262
19.6763328656535
28.6616953061344
24.8500323169167
34.0140810041555
15.8398114835067
31.6250828051042
27.4804082123268
23.5238506918029
27.5769376128037
28.4335498336136
41.977878682043
28.5000650681194
18.7297965028534
23.7968866571583
20.1851971310026
21.4044186310322
32.6030909324569
30.0543817018118
30.0764782198264
30.8642551038536
23.1171691836697
24.2550790109226
24.6122259529159
27.855897189506
29.7967337687172
19.7063155222908
12.4945028589649
23.8469078497714
28.1760322995979
18.4779835551915
18.8763383457784
33.4620949394815
27.0548359453611
20.1506828345613
27.5941393526154
21.597895207409
19.9257868571905
21.1900751194898
20.5694663087283
27.313494739931
21.4938252137403
27.990468619938
22.0179516427367
26.1598359394819
20.805868700395
34.4108225120066
10.9974491816922
29.5921592981883
23.1075516688509
36.3914640813765
19.4290796687725
26.6916382456778
26.5477737342766
29.2402801031768
23.2591565969135
29.8213114425669
26.0280378090022
22.8732119968845
22.7580138305017
29.6824440640355
21.4292197318019
33.4005672696957
15.5675764307218
25.8090837134129
20.6872575098484
24.8059738327403
26.6774464313944
21.2112063899483
20.5849105749808
30.967890458983
30.0169275444991
12.5387879435821
25.5409724010067
28.1175907333423
35.0987936404545
20.698516340628
24.2643093965927
24.3325138029898
17.0062670316699
33.1730161089206
38.8295907463346
22.8521494603012
24.6411376015582
23.3179943387182
24.2279014450898
23.4395819623628
27.3508776633255
25.5835239288654
19.1883125757075
36.0360753594129
23.4730163594285
31.2174350780359
28.130096368995
28.3243969147808
23.8084907802744
22.2703269349446
18.7949332331338
28.9224599961106
28.0813010869193
31.7518024519489
27.5848063499434
37.9023767667166
35.5919443462993
14.3738562866903
22.1588957589173
21.1228509982699
26.8229330503944
29.1674075769215
13.019832448482
28.0126118919988
23.894956263157
21.5163948940646
22.0561931343063
24.0505770504073
31.3818569845847
26.0908179772639
15.6533005805129
23.4581383550997
26.6736202518515
24.7110241922275
35.8978815417945
31.4052564103726
20.1278922225544
16.2562841505532
27.3087938947174
23.7345833379037
30.320958315513
32.6460473082292
25.7469936382988
31.6318573729244
25.6232661542595
21.1470272481692
31.7774900856678
26.1939711022568
29.8425857687025
20.9997765588225
20.8907269408697
16.9420812882009
25.0970641598955
14.5303428089691
32.4908897709758
22.1310535347706
31.0885324271994
14.302597015997
28.3553236738696
16.9473962502354
20.6120478926677
27.8335555842982
14.0899670820856
36.2030087219677
23.2355131201097
26.0552998115065
26.7931930942889
10.1469520367892
31.8114864887662
26.1869311850547
16.8394931801006
19.8141929681448
22.4157476963107
24.0023751316026
25.8075473739457
22.4884134512922
31.9032502343831
29.1894832255393
24.9218621763349
17.5114652370101
25.2546202680826
25.8737762853904
17.2580155656272
24.2450601528333
31.0637309088278
24.4598069967414
44.5269982696201
19.5796306404525
16.8523820638959
41.9466176365039
20.2152559427324
29.1396425042414
21.678222661083
14.0186089365244
29.2627981593088
18.8400702728914
15.9048042848374
27.6401217398103
23.7669583718133
27.0112809315208
21.3457652888721
22.7182487534541
20.0126847590517
23.5507938678013
11.9706605231133
22.500929602945
8.14580315722344
23.01578386466
23.4631244315335
31.1942242344168
29.78349594673
25.6402574167472
36.0825537704998
23.2025287965748
18.6022928789154
17.846007224603
33.997700627837
34.9135898918991
19.9940452842115
25.5190061749586
30.9409851840019
30.2765422373238
24.1000801366432
20.7839915620269
17.7716820377326
21.9219630761239
10.9849299773066
22.7164631474421
29.5426141318416
24.442249995595
30.2942021686348
16.7098276764398
26.3800612359227
34.7723163636747
29.0579264552317
33.5013139183829
20.7032967254906
31.2345221844669
24.7830751866298
25.7973565977843
22.3275407802305
23.215605293368
23.6725753175406
26.0069437503786
28.2442079648235
18.2542007461644
37.3515238318421
29.834547905753
29.9532596903962
29.9124293788577
15.6816714128036
25.6123629430004
30.1252083570597
25.7689954121472
23.4279837804636
32.0279731415536
26.12445950431
21.3353608957088
28.2204819891532
28.5772126438855
32.6071971491603
23.7437548762646
32.9341856610407
28.5510796687019
23.0514134182421
17.3411964552871
20.2331100258653
22.6013690077581
24.1633959059504
26.8223889654696
15.1527199689273
28.8101296870041
25.7243124085044
14.5600982871326
23.8221513825291
37.3662922706329
26.4082085998799
18.2746451381813
7.40523815109139
33.9402755521464
17.0359309184028
28.9188207984757
27.9344656854478
27.7079030931867
22.1484904916046
27.7624404065687
18.4542951261637
25.5377187677711
31.3551575339359
23.2389448250351
24.7662388311232
21.9445880832441
27.1117004033783
21.5057692696987
27.4140064891018
34.3544512621961
20.0678674611225
29.2959560659389
20.4033755177336
17.252979599329
24.1621313053015
27.1863975149479
26.1951367268576
28.3085837406847
17.0219843845814
37.6660430708069
20.9455981566799
29.4784256507568
39.8554757083674
33.541184938924
23.8982452037309
22.4680476045559
34.976222298742
20.394794051679
27.7237860960596
28.4913773584106
20.3098719161923
19.7643645046167
17.5960640835067
26.1640198232158
33.5131112254113
22.2837754791735
27.1714751153749
39.7978076584101
30.8982529791594
18.5026344482679
30.0555386157164
22.9231852077939
16.1150422702341
25.9549596317731
12.1307147730199
17.2719658343769
24.6303003358451
26.0186164244202
24.2444587460789
35.2784907761462
19.9874453750791
32.62934441946
28.6590139118049
20.4409288865439
30.6823880473042
29.4496625368431
31.8374773970854
14.2442422679776
17.6741349479171
18.8812466931653
27.5399382363777
23.1430989104011
25.4261066594455
16.762850007932
33.1596541320111
25.4929979641299
30.1489542265303
28.2312742510587
41.5590719737711
25.9485659159292
26.5856876315932
27.2622407407172
25.7574046268694
33.299027048073
20.4306716888515
22.3365644106826
27.1987083146843
24.9647066113936
19.7608830474835
13.124204441113
24.9988896782536
11.3212384539948
22.4583787407817
14.5325932291211
29.096231248141
19.2313920603748
25.2448477093773
25.6604082028549
33.479629924904
21.1745358646111
15.0398184371104
20.3342108197731
22.799115555107
15.9103593541219
25.4100931896797
28.21968606638
28.3851451410747
15.6355516065653
31.4470853596757
30.0534025181095
22.3985044617254
24.8719751127144
27.5080446813122
18.0729586106968
27.2410934921566
19.0582228375523
20.7275785946878
24.2645474200548
25.9416210059992
26.9250279189611
23.7545405090289
30.3798467573409
17.9382668655684
15.7183285356883
33.2267737709408
16.0557852584648
21.512407410074
26.7630629921748
27.2657314813004
21.419205647363
32.7257946527656
25.773580587993
29.8865381914553
29.535880670813
19.7749715115198
29.9012124755033
20.6138794453073
25.9980753877554
24.7261244132907
27.6497161107685
30.9526167785549
24.8576431716236
16.6682210006765
26.7979517518536
30.2717755829386
28.843592968025
21.6500458446153
25.0043485576036
29.3760239826392
32.7835846468435
25.1920711821026
34.6791969599348
24.0441100534887
29.7963762802281
25.382315716975
29.0868889238342
24.0599600131159
27.8659230028705
25.2149665155878
25.3633213218763
31.2217675651693
33.3292294021767
35.8692209571291
18.1269293999142
24.2969599829539
18.2505667168057
24.1527969125614
11.8944805396476
27.8021770426171
27.9031242141653
20.4852822192721
32.1089700635884
38.6478573282688
25.7295107578162
22.2724759102454
29.7082242120717
22.878076548376
19.5699169539148
28.9441917024348
18.4952127761257
16.5965352251002
32.8171964016206
27.318018335296
38.9290544377378
33.0374375939661
27.2977037148724
27.4899256304906
23.0225032007455
27.9295511278543
20.4129294364668
29.3304897420087
13.4473285929158
23.2421752324704
24.6201753718435
29.3180061837521
29.2123300950946
27.1630750133686
25.4430459545018
24.6360291764561
29.8180865444141
18.4043359864032
27.3291752199881
28.788697492261
28.2427638265718
23.1350629535731
22.2892574597061
30.4652514601256
18.6001902454999
27.383885171194
23.1947680826741
23.5809751511595
10.6632787471007
33.04360027594
25.4372784171536
28.41604390551
17.3282856839435
42.1277409237629
31.1297631359129
22.0872490604211
26.4135911911747
15.9269463521931
21.2177250155908
37.7722670888359
23.8155130665487
27.4287710793432
28.5834892814926
30.0219726502959
27.8599378615221
23.2988030531991
27.7029193710817
29.9727528875928
15.2449362893375
22.6396517172669
32.0567856569667
28.5824198252174
34.1679275998524
23.7969111296766
21.0081264511277
27.9491842816526
26.645200566825
18.3173176446961
31.1193849385113
32.5938522854051
29.9942751760299
23.5755240623719
26.2403778540827
19.221455074418
30.6447079986564
36.3417743969548
20.9723063069342
32.5476711769111
18.7089006087861
29.2233953573172
23.785702676234
16.4336842512523
26.6732967738966
27.8476063314823
20.4391899466538
25.3234223120383
30.9723899841771
25.5411121431091
26.9479251041445
15.1898174548398
26.0465008048847
16.5345214949367
27.7397301153738
28.7110215927803
24.2910409884557
27.4260806504207
25.2609046218979
30.7166045319188
25.6557817005097
30.8529991868369
24.2040908352899
23.93521099967
18.6253678359073
25.4504242256908
17.7171085303958
30.3263608868201
16.5776259719152
27.2967185977613
30.2456908253355
22.2607661681828
19.679935825784
30.035006885335
33.2674688027185
24.3005383231967
23.4042697413951
25.4117806591045
20.624430258075
25.8942376287091
17.8201281007717
28.2667760789266
25.4504803844942
31.2153904327295
22.1844378744337
25.9509335883648
28.6404269219608
34.5171835685444
25.4003607924343
21.5681088146435
27.0262226951182
17.3109513740991
22.7567812164807
15.2977361373117
30.189387765243
21.9198726017181
25.8739472128347
36.9187114157644
24.699378255718
29.2016387886423
30.1870197161338
25.7285513151593
25.7621208223098
27.6336690455559
33.5600020809251
28.5368801394902
26.949556202886
29.0422122230991
25.5522625154006
34.1932321098926
23.8800259413522
27.8384290158231
17.1765562148465
24.2390641941901
26.4001664608553
26.4623357196557
26.0857826615658
27.726636869694
28.09872239724
18.8428591241608
26.7490469563302
25.4213781554333
24.4785614326031
23.6613131169419
32.4248952123179
18.8828396547259
36.8559043009207
18.5502873188418
28.8662878295936
22.4345163020164
25.137458693912
23.0485764559894
26.6168158659222
37.1683935186832
28.535275191013
9.59362690873485
18.0212744148506
15.5555591174028
28.0303158386478
17.6971939622617
39.4156526184427
27.9387825497021
26.4833790247369
28.9651744729192
17.7988529007928
17.8436051712022
24.7369398084676
30.7387455407056
16.6804683105758
30.1191801644041
28.6547084369139
28.6130233148507
24.1687431901068
34.5169342593866
23.2601812759654
26.0157114937368
22.0485909008748
25.7195335754465
30.3921196423769
19.1558505160853
24.3917892037526
33.9138830012982
29.7065935025735
20.3493993682699
23.8000956655361
26.2772462602653
31.8383909392693
18.9813091134844
25.3010275867404
7.24658563934108
17.7610942389642
20.5479352606606
17.5713813732196
30.8349136278321
23.0161645073285
23.0632144758465
26.5079011216189
28.9455561291887
15.3839177216901
31.0843019135255
26.1292659980338
19.8091448410523
34.4718197906206
25.2385336884951
27.3957527255644
24.5396423197205
20.8551367196866
22.5360159188028
20.6858274786233
32.474104230064
27.5878496678562
15.8065575985203
22.7170340609952
25.3295777735048
37.1677389060107
22.4022853954245
26.7395199579796
19.8529616442051
26.2634296690273
31.9276041985498
29.974373320341
27.4029476145591
21.0455633275075
31.8580122067919
21.0547944484313
32.6912598660072
24.2651220001309
29.3895252884911
20.1116001202108
20.1430920735623
29.6797642597971
25.2737223271646
17.1498514812031
29.5369665448254
27.4853216886036
28.2758366842314
16.6604824215349
26.8998267288191
35.0428970863521
16.8780225927381
34.2378834985758
20.9814565150468
23.552611425328
22.6545095067269
18.4605270439777
23.7411911093821
19.4869997322006
23.5705790873808
28.4882122967391
30.2389975431695
30.986313918264
26.7320613268294
23.7956748871136
29.9334556309677
18.3477073800264
23.7709784829771
29.6191832670567
31.3836063888884
20.003361021606
24.5545721240147
21.1291866157132
23.1282457441798
30.4833791211009
12.4981901618385
29.5436300795702
28.1339965424055
18.6616817258175
20.9942346404801
27.7358210008037
23.6286530852637
11.924598944064
21.1826974170474
29.505560631652
22.4849293199677
23.40246001776
21.0027312462979
21.5410552043883
25.7684720613256
21.7831145122369
17.093450563743
27.4529539951844
21.2660167490952
26.1627451998302
28.319268745971
36.1570780240317
26.0549660379347
24.2199410216441
19.4528704914137
36.0445953821668
28.3888000922898
39.881578179961
16.0319225799378
17.5221269654193
32.2928748888997
26.5435955056651
30.249138136186
22.6182756821675
22.9543333776026
23.1258696754553
29.2129117022138
30.8598128502144
19.2836245182896
24.20208700434
32.7280531337574
25.7651898481088
22.5842696876651
28.9458147737909
17.6772053938047
19.1780917373439
36.6769170494691
23.466426100573
26.2543706407009
23.8430022745297
19.7006206842373
32.4150322347644
28.0761385795418
17.6852894578658
29.4090167697958
29.5790793037608
20.1816415340091
20.0354805075773
10.966705751443
28.843538282509
14.4518673525067
26.394207552187
19.3436099371742
21.5488181610644
33.3008195282846
27.7407682325461
9.59645488482177
30.583220220436
11.3790057256186
27.6925001250096
21.0652767274108
18.4938256448597
21.5609084526878
22.8925043903446
20.0481429069871
33.3576842716699
24.9507745018397
24.5203663689536
28.9052218633716
38.0227580676732
27.2203198337368
27.559947865202
37.0200003682151
26.4274207685348
19.5002694184696
23.8049654943259
31.1722052607717
14.9111101349669
27.8808680086644
23.3895313160108
19.3136196365594
25.2250625505175
31.1337279587172
32.9457702830273
23.0834395916678
19.028629182227
31.1579253452897
21.4580608712875
15.7987766908511
26.2611533606014
29.0536175235915
27.223707660543
25.2894903048635
26.1473602539886
26.2718833388488
33.8974545031638
29.9006421296737
33.986236981425
26.4361015748644
21.4703932877049
26.4577403157496
26.8859045697571
24.2437409443934
32.6939136646991
31.7834957600725
17.805786308838
9.52777428197498
33.8044082727706
13.3627151450077
13.9662476034823
20.9159637960478
17.0384389303121
17.4173277727049
15.5486600587445
25.5888130613804
32.6633163978326
18.0729839860523
37.6839174247918
29.1035125501933
20.6906283683483
31.3326701334332
17.8079235288385
27.6282789161636
31.5672634595145
19.6561099313628
20.0529185422887
19.8455034281411
31.8601584087872
21.1403484109235
25.3752880722893
35.5210237953425
25.7841713427082
32.2220982005441
35.3386264706265
23.1484326212591
21.3541424572285
24.1929651415186
26.6379830284947
26.0609002775304
29.2367701675384
22.3814192857007
33.0617510797959
29.2503580181374
21.7579924793839
30.7819954117224
15.5986836776496
32.6532679011601
28.2236864271659
34.0928806288329
29.5143744195804
32.3756070866678
22.4209608749717
18.0452376374322
21.2283468481352
24.7841017185601
24.6170122287677
25.4606303987871
17.0159845445908
23.6871076508831
28.8861841597295
20.8335251102714
23.0349154133338
31.1451686961371
21.2646527473174
22.2641102201147
28.3286738269803
18.3281014363725
17.1634510078327
27.7838506089438
26.0462981994545
15.4682971083007
26.2910903731511
22.947558114435
26.3721633743574
32.272157510061
25.0076566675761
6.75107073118432
19.8271094643491
27.7648803254629
20.759342917447
32.9740599620023
27.713602613614
33.0149405784722
25.2940123122711
23.8151037631457
25.4325778954411
25.4271067244612
24.9069797680886
30.1317958498684
35.3248460509541
28.1266956607892
19.3196488077606
29.255281774245
14.8014970139468
23.1027346661536
24.5419528824142
22.9065503193265
19.4030993573345
25.8212038928682
22.046072032005
24.6865213454337
39.9528204465573
30.5276231804912
32.2731897638861
19.0577214235059
22.1330476055625
31.5656777702119
30.7196571741111
23.5408299444451
23.5572646016689
29.0475265482921
20.8611055039334
24.2415149385252
27.2025619302065
24.8429615068722
27.1963362365379
27.2358880877568
13.9713680611461
43.8352288961189
18.7555635774009
23.4151490485037
15.2248766310131
31.1591232854189
22.2810068792719
28.5870712789371
10.7550706152841
19.8985836120949
32.5393110521866
39.6709347124816
21.3704659049867
21.6143115372666
23.8142392329352
20.2765601993154
21.5109812330105
18.7764677841099
16.4204317358746
27.6312646189425
29.5710251578966
30.1327420629456
20.6630890398912
8.04278270512209
16.7269894192216
25.9642458365463
18.7633159922021
27.9845212820075
26.2138255996464
15.1586380518937
27.7060291098349
31.1175169414731
22.1295200767958
29.3192864900588
30.8696993901452
35.2585716616757
29.1170288078422
29.7174662209496
21.8826394087802
30.2557675379452
24.1437796210772
33.634683042623
25.0978123677419
19.8654334649812
37.0427382136661
30.6325609878273
25.5347879997858
27.1808965193554
28.318805236058
27.6407557800643
20.1437606574275
19.6401903605288
33.9587570494402
22.5402531087445
16.7433842877917
15.7913859723515
29.1294022063548
17.1852997659852
26.8007067534021
28.0133304708189
21.7119992939579
31.4728291209392
21.5337044573974
23.6673670742848
30.8301601320186
34.1666460837348
25.3829592868767
17.5718960815261
29.473803134834
34.9216628274918
34.6916275461143
24.3827559618098
22.2186296262447
28.1389447161974
18.843082216716
21.9516943280576
36.9407126191297
18.6055003268384
33.478444897947
21.3335674345
30.2437482947502
35.9138587853947
27.1147512258179
16.6987382506654
20.0262648128171
33.6039000638874
25.6533339953158
28.4649287980612
19.9307897579203
24.5070409730369
25.0091906447919
31.1686339616717
23.7443965548019
25.8136367161369
22.873218158546
31.2752119804994
21.9276400351107
27.2199608884209
21.1224628440404
31.1484157540528
20.9774855100764
20.7959037443309
43.0758223120254
21.1971206885989
16.0680184929763
26.5495314065733
33.2618996939557
30.9427184124203
19.5453426190667
36.8473648967346
26.6233095289155
23.9484776153402
23.7334149649686
21.5480783242894
26.0444700608325
28.4227557878176
25.9195922954862
23.6994444080362
21.4880707199532
28.5083057346932
15.0333221426477
37.7855413913622
22.0821591529807
21.1625416433908
17.0356633985404
19.1178106691777
25.5675851840841
20.9392263456498
22.5340157109089
22.4053903587963
25.0451993587884
37.5905890259842
20.8664077283207
26.830905994089
26.5682877738511
20.5461952257725
14.8229428209701
29.434886753132
23.5840104245611
21.5340532009676
21.9610310903159
30.1738783601339
28.740610379799
17.2848712291698
41.2278187603051
26.2003001923093
22.9611120804837
26.046217922008
32.0415677811238
24.1970419671154
28.7878597501225
21.0022557844677
22.877492102147
25.9448447206794
20.1891905772974
32.9926566763393
24.7555912848667
20.9873132246038
28.1900381108126
24.8546427958095
28.0682828655931
21.9906007981912
13.0771658342768
24.7999720826113
29.3900847150356
14.6132337348502
30.8644616728772
35.2027693732613
21.6170954166817
26.1335869844404
24.209687674882
23.6821557246026
20.1635425973567
32.7113606809516
23.3723965109408
22.4372810063206
14.8546917571158
36.2410005151144
28.7794597641873
28.3409527458078
26.6604442221628
17.4921972345746
23.1924669351578
23.4001073188487
29.0440636896467
27.7695360625344
25.3384536810173
18.6831107972475
17.7319602321033
31.5100426451632
26.4141198972988
25.9507103039835
31.4377880827582
18.1242613977395
24.3940572464971
34.8302548750218
16.2225717216809
35.2438638019395
16.2792728845064
14.8831024022956
17.5391540556492
31.7853622339253
29.1662320103179
27.6745958417484
28.3366750390512
29.5002272756413
28.2735586936468
15.1441345140276
21.8949400841022
25.8280164471693
30.212602853922
32.185189547691
34.2215551909982
28.7983797047808
29.4549744279466
24.3591590298529
20.7783309641529
21.5056032816055
30.579936332318
26.3965085447896
23.037298746802
19.4706575682457
19.6480692230633
22.5330127775496
24.8915632329758
26.5233526077009
19.0442211067869
23.0084874562643
30.5808878383944
28.3351037483177
20.5440256119395
29.3862864366214
15.4559480418556
32.0356132788603
28.8663301544618
28.566903215965
12.7722346823559
24.0373977978492
28.0759704620141
13.8047282314851
21.8603208851908
14.995929122773
26.4188747447215
35.6157021039021
32.3658007989132
21.8245984764847
20.287274774385
21.875125863011
22.9778279297756
30.1854584778863
33.2616394752373
12.836482322712
19.6357018146835
23.6246126365073
25.2506508466702
29.387103770704
26.1854559749519
30.8239311289437
15.4342194132521
32.1976639820857
25.4506544332987
38.0525391175314
27.9309804742993
32.7718492340014
37.9500222705353
19.1391201134905
24.5937270671601
29.3816363635882
19.886302310287
32.2427268958369
18.550221946011
19.722148125628
21.388267788108
26.7235899708591
33.6330368849044
32.1949582735895
34.7492573559677
26.3510822977074
23.8265087294461
27.3195239676393
32.1138569202244
24.4085989962331
24.1379714649812
36.7382768303317
21.2940006889065
28.1767841815982
17.3028651347909
27.9451085341132
29.0623033422033
28.2677837630715
15.396637050672
14.1272900849748
30.7718160735809
28.9623610154503
31.0495292624989
31.0140031356124
27.7456362275473
13.6608961354347
22.0183980148432
21.5961605691208
20.6597593848921
31.0334387924118
14.1878206903486
25.9552691857018
20.3527251690106
21.4615192845547
17.6286272822909
31.4279668101005
28.9826059118174
25.8797217978959
28.240777526322
24.4313600156461
21.8844247864659
23.5036644506079
26.4151569079967
32.0590047415861
39.8762914275207
16.8646735772157
27.2936399430779
31.6794034026158
32.0905418119363
27.4627455117746
19.0357396130755
32.3840649388259
22.3748182027244
23.9194483922919
19.8009757910072
26.0530580596435
31.8743399909286
24.2720604501027
27.7756498374409
20.9899719861255
32.8062450370987
34.3118280389766
24.8836522685355
29.5121059042693
15.0609789509113
19.4017482869038
18.7084092813155
27.8483478863547
25.8354922771792
32.7625492361398
19.9485041490574
26.0795959786462
23.0706985773541
11.8251271431594
20.9664899542429
26.8928456238646
18.5475180817312
19.5550344849652
23.3936579086312
26.5211522552082
27.89354802197
24.9254579371975
31.5443080258456
19.7649948467787
24.4404106672359
27.1698686747722
13.1642605856094
31.0802408312248
14.4161259575436
22.7607292991603
16.3422859245597
22.8799241642689
18.3150851377758
20.4876611728374
23.0700962326604
23.1220071166753
21.0637001359076
17.1649073040395
23.0389837277285
21.3350535217959
31.4581609904233
21.0260311162939
22.7462621094899
19.3949187587948
22.0363545240743
22.4918199970454
15.7642016652629
27.8198681289178
19.0476113253743
26.4729139673043
26.309681066819
29.4120546018752
21.0801351459481
31.5986854937006
15.8894529969785
26.5638353846477
30.1661423832678
30.876826878813
21.2171619361763
34.8109377761811
36.5753067051568
28.2748840236628
21.3917994577882
27.7544703721277
22.9599083533793
27.1459111196927
34.1856155040298
21.2241313881651
19.2079566026886
18.5067043695223
15.5806300853621
33.2428533279048
23.8826100921281
29.0578704540721
31.3720644371857
33.9242949445524
25.5753748223646
19.5212734485107
27.2711785320298
34.4525568018961
26.7930864328456
27.9379766647886
33.2520543462245
27.9840180811496
17.1358193290694
23.4948850760468
16.172137711037
17.1048600726646
18.8462366761715
15.8969354665675
21.7426196257405
22.8733896523065
23.5787251859774
20.3020874649205
25.431806465782
18.030245703842
24.1208609166842
41.1043318747743
20.297962739899
19.2164868135235
23.9348558423225
28.6114511845672
25.4120935910539
16.2385965249753
24.255457862616
25.9383802534801
26.6976718798935
25.6328234431191
23.9033498561462
29.9111339795221
24.1945517188739
18.3518659625865
24.0664927935075
34.7927934840205
29.0761397571044
27.0453841049148
25.2379502132506
24.3326979963849
11.6310332247715
26.2161803196495
24.6435987437907
38.72739200141
19.3277490423332
22.6664425856174
19.6190169359533
31.8794098294381
22.3172497331612
19.0983354022948
26.5468907815366
22.8596780687184
19.93624272642
29.0360320921651
21.0722224729483
34.05990862149
30.7305814269732
25.7891472292799
24.0903254271644
31.5557877321272
23.5065604539226
17.3677640856044
16.3678721622938
14.3594741046676
24.6216486149166
23.0356198650481
31.3672880135656
14.2861028986334
27.0423432892764
25.2700068925705
24.691645747028
25.3984320328555
32.5575386131545
29.5997503942452
30.9488197374412
27.6860148285956
24.3039981356464
25.0731252466752
24.8326036777203
23.3261385497769
28.7483180405845
23.1093324991125
27.9839879308856
17.1090836092267
22.6033607476265
25.695933721138
24.6840535321036
29.3975734737667
21.4104597167459
28.2618426148812
22.9096491581014
22.6811635923945
28.6639136543657
16.9770599548897
30.3008112961906
27.1396587873006
19.2909727184262
26.7718449029203
29.7687978815905
18.9797481441959
24.769893387585
33.0606055593039
23.3514213343117
22.7832070878634
14.1032006953622
32.8658366309478
42.0256778863751
17.7528350472096
27.2887445912672
18.8568047155867
18.9343359087533
22.1309260389567
25.1244648556923
26.6356447673216
21.7843768696222
20.558084728441
34.6665162753059
19.7208666513747
22.7713854377575
19.4650786955692
30.035027581186
19.2665536364292
29.0230079498334
13.4205300896584
14.3699799642423
24.9747343934426
32.0960944600737
23.1443059934495
14.3756228766567
26.2354136222302
25.7278394597724
27.4268939274807
21.9259111427314
26.9030535320825
23.1838075882295
21.7893405253872
31.6858629633666
23.391358744523
22.6078008168448
22.6396961010904
25.6730462474641
30.5916301546079
12.5418112995984
39.2308804164748
23.3545045179229
28.9055086850789
26.5988736468363
22.1436234226579
20.3747528722452
21.1112783877064
16.5315903853071
27.3703314054642
31.0285632971726
13.7900860297808
24.9003975276954
31.1025718849329
30.9825676189325
34.9502919556653
25.0094407232145
31.4613371232473
26.9795949255834
22.8691656936027
23.339212686233
23.6585066757243
14.1386559998102
17.8676294029196
17.4090467074908
19.1369134183804
26.7848414366646
20.6184368013564
20.9821718165347
23.7519263600189
18.744656457725
26.9001059643903
30.6834630626508
24.0446837424156
29.1056993582517
21.7774865285953
27.1312212097495
25.1394524690146
41.4006265969284
23.379995627121
23.8446905386202
36.0209545553035
41.1661714171332
27.4691556861677
26.0419361724097
24.646670593184
28.0621786385244
21.5122992134454
25.2765630292568
20.361960524399
19.3614726816949
25.5368559840163
28.8450047734975
19.4372056851876
22.1939892023103
8.29634835612924
25.0611730715389
18.2034149456502
24.9445997445406
21.1268543477169
22.7218899843843
15.0702554869257
29.0948194200985
21.8844548124898
24.035462824258
29.7566297764626
16.9586641435048
20.3904224587769
16.1742774236991
23.3687778161356
13.8192394487797
29.1360238740749
29.6030767135501
13.6555953858421
30.2586997991307
27.2248436855556
27.3999713390529
32.0784739263601
22.5913402873097
23.989758084305
25.7373630014444
28.2369381884866
24.9834291262052
26.2167934867463
32.6854337241664
25.4999325654411
31.3943478097076
29.175492782979
14.1419572275456
32.0999240544969
24.1723045415887
17.606449274788
25.5155017398026
25.2471569116301
27.8255361823199
23.5211165248452
27.100632864101
27.3808084656397
18.9683179846214
32.2759863056966
27.7160155650575
25.4649390547009
18.9831454828323
27.305287525297
26.201178112225
10.5506386776013
26.9120668541528
9.95076327301731
27.3293258683026
16.2989041879348
26.8190773002122
21.1198916725096
17.317551802233
16.1642284989701
32.2383749918592
26.9452955926457
19.4192526822288
14.8159376155368
23.683489346918
26.7387612302901
29.893793610029
23.7061787245152
28.6398716510981
28.2489830803855
20.2119627303281
30.0606638967763
32.6120140846626
25.5483233434086
31.6884092837753
17.1203784373378
28.6452009078464
20.4146858503987
23.0251126016429
18.0271515558239
20.6299015672014
23.7041892110023
36.4275834279474
17.4704868215892
24.2192455002645
25.2871437197313
29.2779057036526
25.8375118209911
14.2725238814829
18.1052262968624
38.8896712500123
23.2914389577528
24.2880666945081
26.7290152145909
20.7008652906184
34.5430487166963
22.0270215329549
28.8868321644842
20.4749489602332
18.4897622390403
21.0751111907862
21.2375113363675
24.9008020032784
24.9143489341244
25.6162696924207
28.9795731302917
11.4039084675094
18.0597728228907
17.355800767639
25.4155610474476
28.7009446509439
25.7816813212548
21.1346644942891
18.7946287105153
27.8121936053194
22.1179111231086
25.4520519891255
23.3501667821424
25.9113659535193
27.505968595628
18.101410353931
17.0105939396437
30.9238406989543
25.1254785909689
20.557737163839
39.1575897228137
27.5384679499579
20.554365180525
25.7290342217559
30.3258316788848
28.8539201456556
27.3792145802578
23.2783409948302
25.0013239701086
29.9551090868709
32.871468920784
24.877509093734
29.4559726946329
28.6817593690716
38.4135964378408
21.2363149290685
19.5767633463616
29.6873754980635
21.5530369951178
26.3487338271115
20.4432123282253
34.7037592358482
20.8733909315527
31.8838800172073
21.9612638960961
30.0948213524486
28.9205483213306
23.9669834389817
23.8089310721717
28.8437908760633
24.6872813730239
18.6582838600348
23.1733546882184
32.6107379797146
17.3050342174506
26.1086514309402
27.3979828534941
38.8572105965628
32.1902266360415
27.784283659252
25.2023959212795
25.8146998170609
25.8688371216651
28.5766272203405
13.0820743221095
33.0239191667654
30.9026648611148
10.6654624939403
37.642706926364
31.8287372779266
21.0033740120687
32.8918143917482
29.8198451697352
21.9303247955048
35.6279682230895
33.7254209245139
30.4816070990817
27.7141168923826
24.7038462356843
23.2805086047059
24.9507485207444
31.2483790474019
24.8820687887367
28.4972622377616
18.1568905708985
19.9995275755515
31.2472741136743
19.8289193749142
30.0567652742952
30.300727869445
28.2778061303529
15.6103763583662
27.2446504655617
17.7501968206907
22.6933206792379
19.7873010565888
18.5293779534786
35.2143196687302
12.0271851474719
21.1064186196557
25.0809444928691
23.4272618163703
17.8345789365409
22.7570936602185
23.4142537768384
23.6562567797444
30.5998177578663
27.7304343156484
24.547456648551
30.6429767723698
24.937659619568
22.0297691603853
27.8948198314682
10.3317158551528
33.6933782904045
21.9146653061796
10.124333863234
29.005472737951
29.3140742578571
35.7638835256839
28.2117809779107
23.7326992856522
14.0833411789323
24.8111056400817
21.8341166840106
19.6429188472153
30.2336179230068
22.2899282453559
23.4707836417848
22.0847918908579
27.5415372402968
22.7682544165889
27.6968423582134
39.360814357652
24.4743911291169
30.7258711720033
24.2561933602752
32.7369976865118
23.176668601466
33.4351595169301
21.2617217787181
27.3837242102935
28.8833075634991
25.2410395068502
26.2567241462513
20.6287928010756
26.9838939457978
16.3781373941715
36.2965830849486
13.9126379500212
14.8856004544727
25.8302345448216
27.3022812481577
27.7304493734939
33.6006262588317
19.448680282613
31.9389358389112
27.9917058662795
20.2919488556982
31.8843299083346
31.9647008508826
28.0565734473674
22.1646999614393
15.8330536168331
18.3508644291467
27.0553411322568
26.9537057931615
21.1587707699619
18.120925289655
31.7886864353962
21.3455706097616
25.0237351251708
33.1156705322091
18.7199896320461
24.4660417580926
28.5828836139748
17.8995686511211
29.7681110095984
26.5809377722494
27.2008141912096
33.7170500103168
28.2875811722073
34.7210014457903
30.0802432136913
21.3792946689721
20.4622852096784
21.9060480576396
24.5880970511215
27.4239671173922
27.536042247908
37.5304400375079
28.2717490372003
23.4616929644284
26.0183422401761
30.9629724834536
17.555884170965
38.2751189843613
23.333276842543
21.7108537695868
20.9201919868035
29.1295123532794
23.6803447113712
29.0041336308796
26.3480355533407
18.8973523021678
29.3022401591793
30.8276233112349
28.5415078518661
20.0932677944464
20.6505438579701
29.4436161965408
21.0444918659635
26.2714149332773
26.0729873707647
32.1456180417567
26.6979571422289
23.6848713742247
21.9930825838824
18.1154627625384
19.7164556006558
18.9672591751722
25.2684215856234
27.2689142749801
34.7264549002441
21.2349625368675
26.7333355477372
23.4180722922797
21.4623375954649
23.9581428998334
26.1576327472964
31.7320743536942
16.5972328039005
15.7431766743366
18.4772254735225
28.2562866374812
17.1529395078029
24.1328764308789
12.6259861695538
32.7457118871563
15.0300164176104
31.3835789084557
23.3792710348477
22.5256315243404
27.8512861838836
16.5395461640845
30.5194842467144
26.2734691190793
29.9027551208105
25.4030906028781
27.7980073981232
31.1763044420796
31.6578359785467
34.6291283349226
27.0387995781657
24.8937924736111
26.584889048592
19.5322276799687
28.2418968806034
12.9750789407306
26.4986769786108
29.5898976729312
38.8350361763129
34.33712143632
34.7974479341974
27.2456936737387
14.8452482917583
24.8792292452299
24.229123155282
17.5833433435985
32.6562959415906
29.9842089450893
23.6166982499136
28.5811951628552
33.8025161831809
25.5576725374912
21.5147611528912
28.1670591733314
21.0183850223512
30.7915495731572
33.9006164987168
19.6690889821538
15.1679392347989
29.4898416353829
15.5909305449693
28.4212496018233
18.7086467338665
19.7373413331144
19.1997085422828
20.7770023715798
24.3099401360629
23.3691899621175
29.0263171603103
27.3108622950282
27.2484503429976
20.0437657658178
23.360884580905
18.1404475241075
24.6015425728899
24.2480477606529
23.3277245492951
20.9473715524329
21.0808766103989
22.2492406644704
24.7859324305438
32.0854713291887
25.0217218813772
14.7321352229133
34.0485087627865
23.5500671856528
21.6194151968875
17.336311011873
33.4945700024905
28.950698051832
29.7735804061328
29.7565526174117
21.3753803348186
22.0734680315118
24.4759755001778
24.4778797160025
22.6019385220122
20.703522948005
26.9456198513788
18.5544274764703
19.7843934153571
31.240531384861
30.9940494542039
29.7556604605231
19.0600943262717
33.2884388532113
29.106641446255
31.9623618394438
29.997192842575
28.314557710468
25.2249203075119
37.3303002808606
23.7424350942959
24.1166719470694
28.3278820115263
26.5392777520628
30.089298058772
22.6239703447557
29.9146703255157
22.8456909204923
34.3956787040162
21.8932222035524
27.7191643237471
20.4825101863388
24.1776023510196
21.0369234115706
22.3377989100437
12.6932634524906
26.0450212933319
31.2510594510564
18.3079435320017
28.2031349690252
14.9122166993646
17.8313979145002
18.6725398359672
27.2158076836441
22.9877523743754
26.3899289897094
26.325486265107
27.4904235037616
16.7034762883471
27.8996538448918
30.4463306340646
31.0146449310414
26.4399546056878
17.758944861591
28.0535719594549
28.5196039452974
17.6235886514348
23.8969293916952
33.5153781365583
21.4963319206679
17.173974992723
22.8214615603612
23.9871426487542
23.8008218696285
27.2241961832535
23.9495908282117
25.9879882682848
27.4860348978418
17.535879427848
25.1808337488003
18.2057119277479
27.4301916073944
21.7827420147825
30.6318053842288
23.548064514946
25.4881805230916
19.6877684775002
33.1837867436315
18.2310090775735
27.9714009488587
23.7084199138855
30.7202669533073
26.1636281574965
21.6595880732599
35.560169783965
23.3509272452406
22.881773722803
25.9416817381763
21.6026323231614
31.2274672590836
13.6680007799408
25.5376913288082
26.4356692376113
19.6657047767187
24.4543039168551
21.8752251746211
23.9541711575077
28.4314300764329
19.5151699174437
18.4227069143396
14.4366732916755
22.8296794113427
21.8059932480911
19.8041467878878
19.5480146562816
21.2530362669239
15.033412536705
21.3647684093633
16.6489143749939
21.9092147720048
31.7952139883153
23.0467834495396
21.2814517208615
29.0861371814431
39.8954291054589
23.5195471421277
27.2093047593361
28.1057500096775
28.0181039297116
35.2318552876904
28.7564830603068
14.2821429870395
21.342956919201
30.7480845231456
31.729744765798
19.1059306203208
25.644808005094
29.0077629372651
24.2810788570903
13.181425807766
21.6901005858976
32.6351381912481
30.7558206480825
18.1207601353786
21.444456807811
37.7187026095564
30.1754606945083
31.0728790913933
27.1323862682518
22.5273269842017
22.3990213420447
18.632456129724
17.3936679773472
15.8390716871608
25.6252977926919
27.1734950274444
17.1600337279956
24.02564313728
34.79743727466
15.3562491594343
22.4355025924631
29.0492433377156
29.1227026022694
23.7435208197539
32.0660574142655
22.0366585338253
28.3987511953878
30.1299484140601
16.4667659742756
16.0588961323733
21.8962385616955
14.0318903507725
16.5528811413064
20.3866155072594
20.3755839826384
30.1160401575285
27.5526193596026
22.9845068799428
20.3031482919287
16.0124934658291
26.8634376424738
35.0791110885867
18.2862987423151
26.9401714920742
20.92492173526