1.67108588754237
0.710603782645581
2.91483345714046
1.58236694692929
0.705642515459124
5.41104253604697
2.83395213851613
2.40806675312221
3.73733967287434
3.87792439299483
2.68047186016762
0.176240137067346
0.306099798909572
1.468787746213
4.95781531249771
1.77701860584289
0.999434359182813
1.80327653642524
5.65810004496653
2.54598353087271
0.778332008750434
1.75036587465031
2.51392049957503
0.793716038445218
1.20628717957449
1.65533561883034
2.56567208889431
2.08976847221599
1.58812151035091
1.42542996503935
1.61401529504871
1.15454730597058
5.40024401751246
3.00781043931654
1.06909858931615
1.80748836007382
1.21535350836353
1.46440577980887
0.155525914868096
0.259193311912135
0.406847065364017
0.669634387351136
3.88492770058925
0.927487517548566
2.28633194206117
4.80400047146312
1.35068622428294
2.47009732434823
1.30110936023736
2.49647341796719
1.80366067743823
1.4216296390768
1.27734976123012
2.63805546254438
0.601888000009216
1.52575039230958
1.59358173717175
0.543302534786549
2.0322415782208
0.753055913455119
2.05317795360245
1.5820652176449
4.48527043133322
3.09833152809793
0.547452484872648
4.1529312582266
0.601296881779683
3.21291146536728
4.3210706720171
6.31229301093538
6.62976088351226
1.70736631951697
4.28716960189747
0.061649303319622
1.40675619846995
4.51939870594451
6.21514753230871
1.27593535579029
0.821226992895401
3.99350296429207
2.16750486309538
1.57967212760701
6.24868235938035
3.55975356204042
0.566781212431376
4.79070741151789
1.21763192983897
2.55220409205156
2.12823379451514
0.885860384564671
0.676771828259971
3.00586073486334
1.63592384690961
0.610978238831928
2.11116625889967
0.903859779505688
0.91653131715986
0.218507257610275
1.42834445283429
1.08395808166132
0.468856427577774
1.17749236935049
1.3195393552157
1.35902218199262
2.01301035777082
2.05305954583348
2.47806346941993
1.1982922959461
1.5648252543856
1.46816137714849
1.11196431062395
0.421200294596798
1.60666813404972
3.2642210525124
2.13206450542408
1.35320533237272
1.37524896162528
1.42745585981219
1.71244013761643
1.33647869645112
0.567109868581944
3.25329112056849
1.40708208791614
1.2419321061488
2.79482890059952
1.74018426868103
2.27369195365054
1.53950443661101
0.609357599234447
3.41473512517067
2.74955346034389
1.11480444322066
3.37056870261927
2.07406186355001
2.26211550220843
2.63821339626621
2.63707381444966
2.46095864245436
1.25054391076696
0.641784441078413
2.62226407804023
0.417756469289924
0.794848186008872
1.58016631700912
3.30017311161026
3.74288341293883
6.48576816239513
3.37365115193755
3.1682542050014
7.46800919927237
0.29001006785998
0.222957303449653
1.57271500410216
1.16664691259951
2.78426332089705
3.10592078590183
3.05612262474997
1.52900729719649
1.49320491862313
4.98948798418084
2.12629846174898
2.19640784375818
1.39060670521517
0.530659941333371
1.1323803857512
4.34717159336124
0.920273761028302
1.35745481476447
0.684558105963853
3.3440336761839
1.73016838691454
2.07971589368993
1.54697188504264
0.144650942627489
4.09960878360467
2.30191500063819
0.991323702479316
1.52053431754443
0.640562260094604
1.65611689959182
1.4322052748724
4.53445097225131
3.61553043652079
1.28016598488316
3.63228332098356
0.910464066512335
1.23410294174048
1.02399006294551
3.29985269476875
1.87459355107822
2.4064581756225
0.463325870965753
2.34174465638742
0.330307122819614
2.96983993475672
0.661774496571159
3.00512672716487
0.296380325597341
3.79785558578233
1.38140559370636
3.5960369674139
1.63825803195348
1.25240889494049
0.781178722061224
0.433261091678207
1.78847607293256
1.24418513053797
1.3898746777738
2.66824989002381
3.70116940345993
1.39979086091437
3.21389487752224
2.30168323769991
0.508988592998572
1.67228949288087
0.762509788228231
0.612118903481213
4.96435135868454
1.83734432136304
1.67137073546562
2.38105960327216
1.16830096971294
0.622772184416659
4.83422861402319
1.77152644489443
1.66025908763532
3.89327698222497
2.01899041022488
0.857075588557905
1.58874950674856
0.312456408094835
2.11317566956209
1.17750589002473
0.541866158300232
1.66446595892327
0.690960287943369
0.581514199547813
1.43349571226205
3.54898301691526
1.21311149588697
2.64043821017457
2.83713172870506
6.36704652281231
1.88223687629443
0.139390734364011
0.548615826815519
0.399666929290667
4.58536331814758
4.11454554692412
1.98366446931769
3.06123555104808
2.07497008582421
1.35953529036607
2.2935437203154
0.667332180119106
0.325284423896833
2.60490454115888
0.898751409099242
3.12310530788571
2.31438199282065
3.13905736483334
2.92192246284358
1.75000637426549
0.694036516307994
0.97272238809955
2.60757990675292
6.24875132804769
1.77843002696817
1.95015418708328
1.10268725496114
2.80726469512195
0.499389258761995
0.880405345667299
1.05537978662625
2.74359371084873
2.62639918954337
1.65674768852972
6.50469696600583
1.27849637663177
2.93174050918707
1.54192034033955
4.87312602067356
1.49357140153698
0.848960026314939
3.88969227771204
2.92585409350739
1.61295212559671
1.49427329626035
1.29737391409131
2.63324001198539
3.26187360558233
3.54212270358403
1.40462080456139
0.447504288687405
2.63461708202499
1.70178062236535
0.778754236285782
1.83342580684338
1.18529314676471
2.13194132545312
2.48047149610372
5.58085338098339
2.823653839087
0.968916896216295
0.951349277911026
1.68542787295341
0.725764002468502
1.22267282718062
1.3221195669896
2.16563118426542
1.29990452099819
0.98410932483244
4.35629174858297
2.24772214828336
1.33787519251059
0.190196906969935
2.31467256008811
1.64221581900151
4.06810847484061
1.86675687870994
0.623277751312468
6.13739266169928
2.93816641949715
2.44934768937429
9.73851552691624
0.248641691756793
2.3831743601209
0.677070302146449
3.60935026387698
2.16078742904611
0.960123550981967
2.48045617307243
3.17683271668954
1.0011589508901
1.33628663235329
0.749790946585359
1.34223430312024
0.282567218180524
1.03835570123966
2.21610422434666
0.992735888752047
2.41084004682888
1.16214081689165
0.214917104681614
1.76968929478316
1.29169899315644
3.65431839243844
3.66282280845663
1.79375614247222
2.91469874878158
0.816998559691205
2.87557193655427
1.57919137324213
0.719560165594081
1.25234217332723
1.25234785962478
2.26599273191396
2.17269905878994
3.29780335662946
3.28415213022333
2.17457870199709
0.143249324581024
2.19906462819053
0.966124244438792
2.60849878472795
0.742888311658468
1.59876617986181
2.54863937049714
2.43927466019292
0.33831085143117
0.726373698219999
1.15544838849431
0.754983876600448
0.41945954331794
3.54078249866985
2.23551716218138
1.01631060868074
1.44194116567561
0.954138597469098
3.90706212705539
1.55509323723313
3.34292757110991
1.16485625800412
1.00667664099747
3.32304817891835
4.90033795159597
0.992326645292857
1.83267843081935
1.36580258041572
1.13671556816458
0.940330675195498
1.55072128811825
0.945621682766916
1.97971749001792
0.954708587974782
1.35007582479414
1.4648919718897
0.654908294682033
0.351881371603779
0.870221440437422
5.6993955508178
0.820937866320327
2.56357097411109
0.926531011177798
0.985794883989509
1.93025703683542
0.98571995850406
1.4695121066327
2.81999704184414
1.84252273721785
1.78029409572414
0.990432905839386
4.42822035279543
0.81598009210515
5.91190338047498
1.80691329143412
0.723856172969414
1.03464416003017
1.1361445095319
1.25830955087853
0.699534016649884
0.233352333470728
1.79662061035715
3.91551588575188
1.33135731015629
1.74440905060105
0.841581470071621
0.958562992106243
2.35274343892656
1.25220777613084
6.68585965561972
2.13014419260974
2.29799128250869
1.28046663723748
1.5931174846159
1.55465779093732
2.18753284629153
1.7717144626464
6.85443272916958
0.444946727598304
1.8689196191386
3.83417161990814
2.07408610087528
3.29268756459286
0.84804963535324
1.89197131306619
1.50185054350123
1.13181435444494
2.57633452055693
3.11714510241678
4.15112183499039
0.919473778435963
1.54396544058459
2.6080225721668
1.27621224042995
2.49562119605618
1.22120368635222
2.24570439514106
2.11940210253417
0.448698441756177
2.5757915319871
1.59016308817873
1.28173222243238
2.71350002925187
6.25140580990698
2.13363718204808
1.68885576298745
5.11779982744724
1.50341767912118
0.768875829327403
0.600903258870057
2.54060074032123
0.396996239989877
2.12389090411787
1.52676469650382
1.16645983418367
3.74508546820974
0.0482849787966113
3.58304504291562
4.88316950094908
1.97472409857195
3.07179132801045
0.550758533433624
1.18354591179152
4.68589959474979
1.5414196249557
2.29747893587327
1.73337169104605
1.0030584388785
2.76026191368885
2.01699384624032
2.49179847077103
1.51992308472647
1.36302136843122
0.295697201748816
2.26861525416728
2.32507950328613
0.909330084177454
2.2069259575562
1.70650112958463
1.86323229294744
1.71186598437029
1.55954174028842
0.640507657981251
3.23937929710621
0.431401154355801
4.48367713350711
0.212382513628608
2.99911202862834
0.571341025919141
2.7933645828257
2.25179363801224
2.05658762939667
4.10917477601493
1.20819292673904
1.46440022982397
4.43090084543594
0.236771845521416
0.929576666837559
0.990125988053248
3.07793396087414
1.30394056180994
0.462795850511134
0.206101917179175
0.627764830110571
2.22270001157379
2.53872764918931
2.06910523358635
1.94114090880855
1.75175698796399
1.33983613388791
1.66398900137174
2.4392918636963
0.317007514548694
1.88297605603768
3.49652092313802
6.02538603449693
1.54981339761765
0.877885245255912
2.04289709109003
2.38866961257504
1.60121279655633
1.170247865206
0.94817572832329
1.24812729334977
2.08974356987154
0.173229000518898
1.71781749808142
1.37867996256075
0.739862212551286
0.518699321125456
4.98354391435157
4.7568233978071
0.100148736168551
2.96255990079074
1.72732789658054
2.25427858794036
1.61723832139668
1.92746646421376
2.76024353836423
1.34960841471578
0.574422601944471
2.44985327852051
2.8967840680392
5.12028142558968
1.05942689827541
1.2296515189542
2.77251865917193
0.8286006680817
2.10603560533869
2.35569470803004
0.888500176062448
2.41441945542521
1.13277243702962
3.65802423175028
0.828929087827607
0.769837518506092
1.16796088105353
0.900035561449551
0.346132589239736
0.502988668949684
3.24109853247712
5.19645768005791
0.304285212428702
2.37257666484114
0.24871178084473
0.830746324646747
0.79829406246958
2.03736507151274
2.04208376402793
4.15751008664537
1.3317897362671
0.579856117840205
1.32682968467627
1.46371814802116
2.33982684213402
2.15701442879703
1.55289603962695
2.54937672478042
1.29892297262573
3.72456981251992
0.750176388369073
0.93535766680709
2.93504906879391
1.68287911424973
2.77988836015869
4.47667186965803
3.6041724515653
2.72818278572939
3.38513897408841
1.18235201575143
4.66075159291768
2.00933379372107
1.84604291211507
0.722105902222112
4.14945896058626
0.993845798617056
1.02719818068715
2.98050335266673
0.354351026758893
1.8225686164279
3.91133599133417
3.00305975051
3.83397561536639
2.60134406756484
1.92923067541005
0.977719204108229
2.42310033667029
1.55750828924968
2.06604593516169
3.88066808526119
0.316800895527187
0.568603033878471
3.08768997113592
3.12365023035084
2.72790552927045
2.01374332344996
1.78094237117895
0.715131802801628
0.620926394420881
1.3182598397419
0.579707452037936
0.675889701343186
3.50026377352884
2.45275693884024
0.895320899256959
2.02848166048768
0.709402816058598
0.611311504950568
3.15331023419132
1.69056028609644
3.46377589749888
1.76119672327999
1.90241700570619
0.525371463014627
0.568707678573847
0.939470594121799
2.27420200649876
0.875474426436409
2.19478511457633
2.60557791467048
1.73761136838703
1.59880783014327
5.34044122740724
3.00539679347249
2.04672039164955
2.23615804481629
1.30803129907619
2.66801745159388
3.9587337844061
0.611740872817806
2.79144113655703
1.56839697035292
2.69661332556411
1.77174964681695
1.16536690306594
2.88711609878743
1.05561797574251
0.855277734423612
3.18567647009371
1.93511709980898
0.951972065319778
1.35944360488902
1.17090484694352
0.577385490827588
2.41699172082756
1.18161751475685
0.487726899530836
5.66957310031863
1.55759452557064
4.58363069069282
1.50081633624301
1.22559369542444
1.54976192585472
0.978510959056584
0.466176018776226
1.02990512259756
2.21340836741902
1.26827733092124
0.913538396585474
2.04041547363521
0.794609638121247
1.24302226265179
2.14956214910103
4.78961189348449
4.65136294488762
1.21682170176469
1.41338959952913
2.8239710209647
0.409681949910407
1.0268820416228
2.25539795851295
0.841302265153765
3.61826285264378
0.560586524184985
0.780811333241228
0.144226404934719
3.03804206904272
3.61951870064991
2.26575280771944
3.02994589724712
5.36577598096012
1.78547869231512
1.2239702394812
2.01509101384204
1.73679930362933
1.59728443185931
1.34580861198526
3.8421361774765
1.19708251348757
5.0588097381378
4.21970516363464
1.01618525985233
0.700440073010764
2.099424779346
1.29610187485026
3.23027574937525
0.86494044125129
2.169076435342
4.0457812120307
5.50981221653529
0.193642981339794
0.738780602982533
1.69675906613913
1.68483828144345
0.525630087159475
1.1406950625753
1.83492690788958
0.519348355288974
2.55368108637245
2.76374916492147
3.0104992390109
1.69398790170004
1.12024840940429
7.45552085181071
0.571337083425276
2.09656753736821
1.31418680504475
0.249032006099715
2.8401599651531
2.18651452067722
1.6698216194653
1.20362519558534
1.07492992904221
3.7665213908417
1.64660613104003
1.10648942336894
2.51725047141498
2.31341420835111
1.05980027701764
1.35649016102369
2.59775460737993
3.46506349290453
2.97273091993887
1.41237252227522
0.747661882431192
5.2342668119509
2.31320206825661
1.11763623316179
0.452678343712078
3.30179884455552
2.52423652941192
0.785102877300183
5.74373780642653
1.62762524188989
2.524154161537
3.82817762582673
3.22742871863178
3.25892122613029
1.61960733396268
1.48800179989106
1.41587453793937
0.504279887887567
2.53550036135945
5.27961225721898
1.03614856153628
1.94255311136091
1.78352902707982
2.7495855576111
1.54756155164296
0.890680940339307
3.39050912711943
8.54860214572703
1.84970856471308
4.63765238219787
1.24868648875401
0.790299302590651
2.12086521537685
3.4044435361036
2.35481322785569
2.39041700884671
0.762377425601213
2.95871957474526
1.42097911467054
1.45599326123511
2.5161512471651
1.61946742587816
0.357113878643277
0.402568947257515
4.01671790039718
0.67697202173915
3.14723987556822
1.6745407815419
1.77217080655338
2.07557373663772
2.10308814340183
2.2549147282465
0.78154518637476
1.98434055005269
1.23356053095754
3.98115019689758
4.05326901677061
1.62158925168368
1.19463128947685
4.3311136252433
1.57719660679517
2.10818696271406
0.495001075279279
0.866466162594805
1.43490757216045
3.07904098412878
0.15016286528925
1.2076132715588
0.476992186700841
1.06061019712622
2.34399672809433
3.93658532865278
2.45269677796405
2.52031552571359
2.06247003564916
0.89576241322535
0.41549113751677
2.4666282388006
3.09951510342744
4.13085846878247
5.7979797551699
1.12138465466049
1.13342062189959
0.9975154043097
1.56261382008016
1.62505933786121
2.12113059637907
1.66287443501377
0.614727468757702
0.754026302940622
3.60178921576166
1.18693312266346
3.3820042054436
0.357989991855528
8.67849486660718
1.08256870009477
0.162814411186414
0.299530584759154
1.46512425011178
2.29931300456628
1.1910327345191
3.31091251994703
1.24209868130927
0.448806165289747
1.25619873781642
1.08141939637711
3.5012965119015
0.381772084642288
2.50816442966275
2.23376589786756
1.87063891464662
0.280869059641564
0.443474025097374
1.53669046506037
0.556291619044244
0.851826311556799
3.93198944553745
1.7919442240169
0.857950551433093
1.43929894388078
3.53213129264069
2.78559314770379
3.08160363622139
2.42045317069163
1.52736703950177
1.14739956586297
0.121906737439757
3.88545679914209
1.71839161714228
4.15410784338987
1.35975077121831
0.287685524718934
1.95572106777285
2.8161110937595
1.56722329647688
2.86561847943299
2.38050564722535
0.88123294064967
4.17639159933384
0.407295551137109
2.07209046140304
0.984283615931088
0.763718454593918
1.97979629757388
1.98134213425682
2.8702937718116
0.775763039355812
0.227263087497637
1.3191915968534
1.95303114197606
2.84397620363071
2.20159358988888
0.211794868393951
3.16723806140839
2.66589305028687
1.32407796390519
0.472166757484355
6.46567472254312
0.572839297489394
1.05330001742559
3.04406620067581
0.550761349083296
0.402978166835168
0.770607146584807
1.7209155002771
1.88108773196003
1.59167121497427
0.363068765422639
0.647262036786143
1.09696956416201
0.862600116776492
0.33712888799892
2.39625844023981
0.553154452356752
3.93894123933578
0.0934888120700312
2.17795489486887
1.24021724672183
1.63311689647331
3.34470733860378
0.143898499292883
1.89135643562993
6.97115308280715
4.68599845041124
0.891013120843508
0.0983069358830715
1.60414261360893
2.15878256158457
1.96024195389727
3.1830108488626
4.87648623662455
1.22818900095606
0.684265297016793
1.2200790842304
1.19351167901399
2.12844134178225
1.27931091750733
2.96152090332907
2.80919873665744
5.6612821357155
1.82401363733582
1.45251595762211
1.36210191639382
0.944261521644231
1.5967105449274
3.05406534561784
1.8821488356598
1.48409759544168
5.13145741548759
1.89136844309896
1.34170247492117
2.17426012298353
2.04792302413647
0.804954179990051
2.49948665724584
1.75386608424315
2.91565615435974
1.532616431074
0.839984294547008
4.9202779088471
1.15062457865742
1.76780198286729
1.01415005444337
1.71598811354407
0.915504622263816
2.3669656810745
1.20445643121939
1.67194117248027
5.78146681472214
1.88273282436433
1.64708364087932
0.989500149300739
3.99347747235606
2.2123110790816
3.13832535789129
1.05428070128155
0.073240373441707
1.38468865424868
1.64907447208983
0.622210025979958
2.64375133734025
0.84269276939044
2.36976850281776
2.87830767670945
2.54446608715449
4.68717780455426
1.81178050943725
0.736104106420837
2.60324193668544
1.0950499775851
0.718817607724686
4.67951883652565
1.42016311795372
0.900540454443923
1.46767673950881
1.89773141609186
1.58851595131075
5.78288008761342
0.960031317844054
1.58470861818693
0.418524356902705
8.21021224701522
0.302575923510258
3.07041418071345
1.14843724239161
0.306874583100466
0.496222639979552
1.75641958233042
2.08332451673932
4.84720950072163
1.38444971458263
0.866522656261074
0.866211984037278
0.865102051575465
3.99354509627355
1.11892929704519
1.91679347997947
1.09592482759745
1.65775684687549
1.48157194934571
3.66918005888288
7.94748648630505
1.84242050299904
4.48010039439844
2.94998489390978
4.88947275436077
0.524943908527344
0.864008808696363
0.432989775989991
1.97250339451865
3.58152506512117
1.86372978605465
0.642190873173804
1.1827991672081
2.6550353791456
0.328744845983273
5.47569893044806
2.50423049914228
0.441728448540021
1.24055982842607
0.702662818261224
1.24910894342641
2.08986547757953
3.21392273793369
2.65611265956371
1.95189519378995
3.01542446987065
5.497084933828
0.429153197126377
1.88216386464708
1.8793653545948
1.51720394225208
3.4980607659056
1.53678111600205
0.972667602872775
1.75071714750593
1.03048173429893
6.66290957468655
0.745361220745012
4.27944206846144
3.80294554091374
2.37456462227704
2.3315348249232
1.8553048167819
0.78364529164404
0.759398489953734
3.09654961344918
0.73470147593351
2.97198521682149
1.08780789878881
0.254615307523215
1.04569309826038
0.54043366794556
3.88575230410545
1.46323050751514
3.05455730050854
2.81536789034352
1.37974208180192
2.32467191311639
1.15479566839054
1.81914996955987
3.19270017913313
1.75369249900316
0.183326552269613
2.29277279941722
1.81088710110774
0.107085596813537
0.655253161320723
1.19200203783192
1.65080373678724
2.06752908842012
2.83905950991488
1.15555229489735
1.26066758586193
0.955108110953392
0.437244819606296
0.568480868053937
3.6430831948666
0.899954226963957
2.6532365499653
3.13392153168522
3.80807166389831
0.988792161012962
0.321313189327803
0.811148265508431
1.24395585286206
0.679482314698043
0.750398900501614
1.55245836463557
0.503365841767301
0.927729736652811
1.76356226948159
2.15737743109857
1.50448660234946
0.798274611608282
0.537142175986381
1.18006471465839
0.9141351695279
1.23057111302556
1.35925836504599
2.60410601332066
0.694087333832139
0.756968438560362
2.36343374902566
5.6934004843279
0.392551396869814
2.38486470462969
0.726299422347213
2.05566886442278
2.36616725597298
3.29144069217254
1.52505638463073
1.95173178902314
1.17512203940865
2.39608525360127
2.42318018725897
2.18785048583367
0.175401951158585
3.9971395144258
2.82355790161557
1.45331034860163
1.12592251564321
1.83558169695944
1.13103840470175
2.69059642237731
1.8227014641617
0.723492330296699
3.1487259151651
2.71017709342381
1.59689955273512
1.32648327242819
1.2253734523618
4.0707013119183
3.44456622609221
1.42284140724279
2.77284480837884
5.52613600289371
0.364818021127632
1.11000526538956
0.435367874409001
2.2198223849832
3.32418093208687
0.823064707005779
2.92848554149403
1.22969489305627
0.958042287081692
2.27708008195113
0.88072100060118
3.82102897819803
1.24750117691398
5.79400110275759
1.93300151073322
2.07433769271894
1.85734649643801
3.67016369476086
1.32525694319719
0.486445063929473
1.75785497862599
2.70660796435877
1.08738408007308
0.154155878447645
2.06773171718188
0.571949114628104
2.78699908610569
4.54837421200713
2.18859725174076
4.24304847607069
2.41487742292394
0.443136476981736
0.0776137682703494
1.14672239029391
0.575937950154128
2.20534392080647
2.45274828600071
0.446854663180448
1.89404076942003
1.14643136442148
0.490360086500366
1.46364355426076
0.550649726204761
5.80155456339306
0.23741068312141
1.8651725390428
1.85225022988957
0.639922433598261
0.286575491926623
3.86582010737935
0.876131529409683
0.400336573798671
1.52159462858828
2.3125676970133
4.06711700620649
0.99628333024536
0.667165102398729
0.834653717941826
0.751029987057044
0.542212090703046
2.62031941392043
3.15383079101505
1.92231265379878
1.12554682079613
3.32681314640213
1.29959008552448
1.41273015233317
1.69648844553444
1.16375070568868
1.80486172179302
0.544263294901623
3.90553265320118
4.80004674495674
1.76413386773243
0.414626253825723
0.841093883668377
2.11111589399951
7.93486755197896
1.04691310802759
0.808916864679391
4.69003740414894
1.5076141619561
1.5800480131636
1.16325732166066
3.13445675016567
0.777370984883275
1.05871461748631
5.62623060206323
2.43281450598253
1.60435757490539
1.3217924903737
3.30111257717966
0.792255809513166
0.967902132956293
1.30387130337353
2.61974087743681
0.508173617376494
1.75816589629958
4.19362225839511
1.32806114327025
3.43630664007577
1.31764382878697
3.08783706787906
1.43449084663305
0.980560279998465
0.941186588003938
5.31929184584872
1.38575258455942
2.12626952139122
2.04068137501018
1.39289651465769
0.112966079876918
1.89241803791672
1.828141375506
0.552086339153909
4.86315075985052
1.61694818689231
1.29926981489325
2.62273635038398
1.6838955319792
4.40428132882458
0.80572723063059
0.435164867695949
5.41436839560607
2.35389653044642
1.3880436231739
7.5986479286698
2.25236450092543
1.10871443588383
1.5775476397227
0.564070757802391
1.09106241502316
1.40958798224522
1.50664151877244
1.09638057073657
2.3459130551565
2.43018501569826
0.403946784245334
6.00432025957078
0.824845537092797
0.176526235637874
0.84556697856563
0.590018658060093
1.66845347596817
0.965998007220449
1.04636387397433
2.05251516217814
2.63806346089112
2.79057773010437
6.02721991058601
4.44266389454921
0.965879423675635
6.89732668672974
0.20924942348885
4.27811542671432
2.44140591075228
3.78270882226547
2.36316829154622
0.856049074720788
1.60805972731
1.55713284802673
1.69998159530211
2.93771185293599
1.78401907554578
1.05234084567903
1.21992531438331
1.08003555614639
0.930767881614015
1.49358150640455
0.962215966327189
2.73167941740248
2.12532612117884
2.16524974741102
1.48340033176054
3.16125111104696
1.4320611497997
0.482378501352941
0.470331388898717
0.708083928227697
1.2799248539566
0.628633323095554
1.11508702062565
1.91515893551433
4.71709822649661
1.04316178655317
0.16422715475067
1.02540846330597
2.21707689373856
0.960869984438231
3.76001238895638
2.06770682840084
2.19135103524528
3.04792930987146
1.07191676380713
2.49761365865086
3.02395266427032
6.40828227687128
2.0186827372318
2.81904932748195
1.03468434176917
2.56734054851895
3.30230696706835
1.52740212961243
0.702673504075551
0.810143926862235
2.47979387475698
1.76091459455879
0.907738890336136
0.845338018286336
2.26256403838133
0.673222048261265
2.54096489497026
1.67347585935472
1.75880078771403
2.12801672614076
2.3213019302327
5.37755200364085
0.618837816189503
2.34221634094437
0.937331604407889
0.441052420638108
1.95746833379629
3.04141474132289
0.510174916571856
1.10270087463293
0.974115309215763
1.22853619180352
0.972050819452119
6.61665292517472
2.02297351675077
0.572214634958036
2.38651452268574
1.33478523596319
0.896508596074287
3.47534126469047
0.135944723851508
0.816682499511404
1.87755808300891
2.04497441219002
2.8611356452449
4.32396716134239
1.70095637330384
2.88749313004033
4.01404966673202
0.427610072398442
0.755346029248753
0.9754247661043
2.17190363922828
2.28379983918936
0.631304620653545
0.908321690837809
2.87873178945023
2.00993547256981
2.40872442898344
2.03214135302936
1.13593384321322
1.49961703639637
1.47025114200954
1.55861296674255
4.32535118216136
2.0487104825959
4.59760274597447
1.64717603168705
0.953965172647283
5.21499015446439
0.503545193080022
1.47301392636576
3.60175275779514
3.54771634953938
1.08140213192456
5.66452906877627
1.1351607143097
9.9248343796329
2.82386752860083
2.1937495028564
1.98268626794083
1.24353097621171
2.26337437991262
0.985665167264068
2.22083331499665
3.5681744205361
1.86749956236612
4.6954545342613
0.612008553165991
2.13243256724118
1.00403000210563
10.2454104882093
4.65180006342277
0.742892222002973
0.938178265338876
0.806466458872939
3.51618632261346
0.839047245704318
2.39393535836145
1.63384479176653
5.94498114581567
0.652964637917276
1.35432660263651
0.302265722684077
3.91449699053947
0.81173054896989
0.788506607002598
2.902859282644
2.04032856880194
5.65319072340755
4.42908495850081
0.410016645706884
3.13477211061771
1.65066408206858
0.933704566734254
1.54756558439608
6.06175362172405
1.62598057567585
1.38710170784433
0.350560767472403
4.60183876363368
1.68428018557059
0.660547564061741
2.33167440000832
0.0467974848109
4.51204872926544
1.15773848164052
1.84734174717046
4.32051669130953
0.10247476326894
1.75355929465923
2.84828582445906
1.25782577122996
1.91107052459066
0.662591304505201
2.55680847378505
2.53532752032492
1.16337585307078
2.66668956643763
1.46654823405629
2.89587497650703
1.02740788438478
0.154265205356388
5.10634032128842
1.31145718338669
1.46792100838929
2.84189295163716
0.31052827152507
1.19045896523832
0.961002180609959
1.20819965041987
0.497208744746243
1.51928679892763
0.753446918405468
1.79701958305323
0.0898331420523959
0.683772505810307
1.10795679758855
1.52259439099255
1.24115810013242
1.57704838490223
0.642467303295332
0.780256293383806
0.71852734590742
2.46033777462403
1.80642522936377
1.45682058707287
2.4086554213258
1.53841665206913
3.9346596814045
0.606677879467025
2.98142468247617
1.12689435557717
2.05705063295548
0.689479922685353
0.756046892100635
2.13106692787629
3.07698683856785
2.23163605721923
5.48958948941368
0.887816825559989
1.90554789754261
2.32278514713101
2.44403990766602
4.49096579695586
1.67870452061246
1.09933426867063
3.33133695894189
0.727514003361614
1.57656333345878
1.60160181832668
1.39676701365518
0.34169214583382
4.27689498810787
2.89412387796214
1.12960621785821
0.582192194281568
1.0677704238233
2.61150729405791
1.09242237214106
0.892807357744705
1.2078709045192
4.79794289432609
0.587887359427078
0.900392232824488
1.64927408295605
1.7561784239634
4.28250709744365
0.980597198001133
2.21158372850182
2.57954293303972
2.36217923707081
2.0239063907839
1.98636109750721
0.893777486267264
0.74300899084461
5.24551249112265
0.749452392150801
7.25036506655093
1.56843632153774
1.23184503807251
1.46101191792968
1.30390311972747
2.78506059993722
2.56307711234915
4.44354962785403
2.06174669449004
1.21317556639097
0.321660003820869
2.0322847006695
3.12028739447452
2.11559842148627
2.94394574407227
1.83656683797606
2.56002353299133
2.62136071122821
0.726738681544864
2.18118790874233
1.18095882089062
1.92372154367784
1.92566982314745
1.56352828967417
4.26850342246624
1.45968414317828
1.20688140092907
2.53434555081098
1.98238159030328
1.76089077661864
3.84623912334515
2.98328794929565
3.36835227089186
3.34929743298482
2.18649389179371
1.87174245464478
2.55118795519835
1.02699572986076
0.818196327037181
1.85584259335411
1.32460047869503
1.84403477389703
0.251499623712651
2.47842417272858
2.26371369010838
2.56843607004533
5.57451467913803
0.301440814298707
1.31227084630252
2.9516261313498
2.89867984846438
3.46528020646787
1.06555165146486
2.64739403305871
1.4539148000253
2.11616173131005
6.34071030574653
3.47909629022981
1.29554176580622
1.85617906085242
0.943230080189779
4.14922783002513
5.9527121968871
2.16905737510437
1.23125926792309
0.659806269676161
1.69944673108483
1.1608940614064
1.98057679685987
1.43983840995386
1.15038913078324
0.036286415901861
0.777050030579823
2.1780034199651
1.01986844755504
0.921753016298759
0.818845662808151
1.57254241917642
3.16798090640547
2.22853891284879
1.47906954529923
2.39098048122907
0.399876734660574
1.31922333157479
5.30877622514029
2.82676891481177
1.86435393801072
0.686201976605287
0.233309783572088
0.625660015905457
1.61601777333285
2.11419049397107
0.485654744715283
5.40352142177927
0.542750847078235
1.05711029654645
1.10400812252281
1.89559979618096
1.14062032102478
2.63275857572197
0.467796189159421
2.37096444302281
1.00135783854839
0.597243343123036
3.22129197522634
0.588826135256183
2.78468606810832
1.19829486497863
1.17995438160602
0.917111443820291
1.42167540509979
4.19375022881766
0.864174635319307
1.04886411664914
0.82058914155209
1.22047752198919
1.64161373043818
2.18554367257589
1.89505860442633
1.22182444896639
2.78327052726236
2.2271130133995
0.447399943464148
2.27485336153954
2.13651794454525
5.60748549624333
2.41401636565826
1.98851091342154
1.77455982131669
2.29484118702751
0.838622077312819
0.445778586689964
1.15076733527701
2.27182709075714
1.46106147198305
1.56859211999467
0.171291149262462
1.02041470943262
1.37573118690735
2.72865954278217
1.487003933366
1.18298212272028
3.20962134839801
2.50891691025994
2.98762573893301
0.841066158175874
2.62226151905497
1.46302291060418
1.06083316790357
0.419796299393607
0.188557403032326
2.7276089207018
0.424216408784932
4.46894031133512
3.42073383963728
1.44700733853101
0.967321649688527
0.824278806817713
1.03401919867093
2.86113150934553
1.66533556831908
0.922608911263029
0.890834288696229
0.772852692570076
0.916987417456649
1.81787373618413
0.281566466047258
1.13155090363925
2.86846468532649
1.87480915224934
1.29952710672039
0.392759692759278
0.922340350577168
1.04324725047758
0.749443845463053
1.13739563630957
1.88143814276021
2.21656565508995
1.51141211900298
1.49291909408834
1.44565268222746
2.08825621941716
1.08701502856319
0.570533909552634
0.681076339814887
0.724567012697217
2.70774358995383
0.633289822750282
1.90959119597769
2.21322941385857
2.88007242362155
3.61906623520129
5.06026361867428
0.494187433038894
1.18622999058273
4.3104335663937
1.46897159053894
3.09774252845534
2.30034286361102
1.07517675137834
1.62054927971348
1.28310925470968
0.781176984786103
2.46351642128841
3.09157743861385
2.67104225297538
6.00938049270628
1.54488317272129
1.52911813061626
1.96320832625489
5.45995979153227
1.70131661498714
1.87970590479426
0.582516822479266
0.669715988980629
0.679169834070944
2.34109566353619
3.23751880513866
0.276876411037126
6.21587562608911
0.744500522057932
0.841022683011537
2.33539538410486
3.85783148158705
1.96886760761393
4.20027900918064
0.708980257580088
1.87547400720337
1.04664492610564
2.06309994397614
1.31594966650609
3.21645498453698
0.748075897298891
0.380998425631395
1.24808460236224
3.7018966721187
1.81928950259334
2.33498090151089
0.406233540349984
2.38631131822493
2.72332071636123
0.609332934875902
1.64710728995288
2.07554361884345
1.89051230706447
5.39467870415723
2.00382805321998
2.37184904977921
1.58685060568333
0.583240665361196
0.398916805688649
0.39791852735314
1.2220235244049
0.282209396582595
2.60483497472824
1.32994695462085
2.38366798626852
2.00182215607314
0.284067161688113
5.24604948758529
2.92546879879504
5.55257648036859
1.73791593500876
0.59209358674964
0.743969662505137
4.18241806585504
3.16202057498485
0.807282995003783
0.850662434354238
3.51199780604549
4.31373732132661
2.34576861616852
1.07171769782697
4.42208469609231
1.79075479169862
1.61428378561176
0.525351766387363
2.07012332121948
1.27164833229511
2.31278106219518
1.56979071283411
1.8878517495368
1.17582753576398
0.372184500815723
2.04154491558127
4.29665878403082
2.30981093805738
2.49875172446617
1.76749670751568
0.146084207129322
0.0902029683739719
1.87154660078683
4.80774241590609
2.32292702701403
2.77053867131156
3.77675319314648
2.56476330635039
0.404473274416511
1.47084405788749
4.58977751083685
4.26523544781169
1.00172841765736
2.64933376959715
2.00290899840008
3.60477674430077
1.16926710998328
6.07247798534857
0.314840832102889
2.69672797765798
1.65485248421752
2.45920153468291
1.3250095142551
1.21541122498565
1.24644631828653
1.62199117534348
5.3065014592139
0.511814093343618
5.9933640635793
1.42036670612274
1.56451550068038
0.895095563586467
0.599348206801258
1.32981032548121
0.519371106040803
1.63859622715875
1.0669530522039
1.78264578694918
1.930860843251
0.692129975959582
2.49289993281078
1.80872692245731
2.97895288242852
0.948159782167173
1.86328883695649
2.12375030099497
0.285774558038698
0.701317282370363
2.10865569986801
1.55957209431868
3.01803679211366
4.05108565351318
0.921676055240919
3.67522082440016
2.49669159590545
2.29966645090723
1.84560143949051
1.76541472349716
2.99610049320412
0.728725571968305
2.63960831528029
1.25239450079039
1.10009268868693
3.37042333842575
0.821128529574776
0.129729641049389
3.77144918797346
2.51600470508818
0.425938238583601
2.80696708146204
3.14740130023935
1.08679544120932
1.54106093639319
1.07318743852372
4.4359836137509
2.23114576030019
1.35329318580595
0.974955265248501
1.1409766624911
1.15941161383622
1.06660784710328
1.16697060085837
1.05744191438199
0.778957225898656
1.17958948596022
3.62307119723223
0.408879333241205
2.74775669581889
2.33080432143335
3.46006952492315
0.786373468001765
0.429269664060014
3.27673530147032
1.93760050617012
2.48801032449084
1.78977762225527
1.41887736441505
1.90623066955414
4.38134363991223
2.64034553954752
2.46563300807801
5.25306355772475
0.1863608798252
4.30338362163159
4.48467747663401
0.95372193941925
3.36992148457729
2.02950170346178
0.308093395468093
2.59817855381937
1.43018027941027
1.13861753591068
0.579473425915155
1.29185612326618
1.71667911184181
0.431490681946754
2.47361609018466
2.57013521175501
0.781406981179273
3.01382546087366
2.27986750417546
2.1711412317436
1.76408891947905
0.689550204784783
2.25701049290385
0.83220610660922
1.21814226319502
0.145511762319568
1.24783494968073
1.31086138776894
0.538779426629523
3.76234516779371
0.193869475607866
1.65656774608222
2.96138308832938
0.777522118583227
0.607209726189881
3.42444027546812
3.51265378927034
0.70745557407882
2.58832569637899
1.94928002484212
1.93838361573156
2.78314582891932
1.53286107698036
0.601382227354269
1.89212763428713
0.707750146716546
2.35324775360748
2.3064802752098
1.4729703697348
2.51186708443036
0.628246100105823
1.63557032696509
0.6057374335348
0.934491609977766
3.03770742878515
2.2708523699822
4.1773737556628
2.35656639987516
1.93076244211134
0.0581252620490945
0.403910186043164
3.49160180750799
1.30144004119609
4.2531110705948
1.81724791827858
1.48153974963988
0.993714516410269
2.06828405114077
1.87701910918976
0.336254420400389
0.822456166367439
0.362650630305948
0.803220064069948
1.4680311790053
1.52793131696312
0.184019199247864
1.68568551506048
2.61083017134328
3.29903086070054
3.94152001960033
1.46972730899967
1.34965037353093
2.18522228029138
0.459610716380362
2.81211899282709
0.865238763387626
0.433050953351478
0.736041572205654
2.52174889217669
1.7284915601196
5.59099091731911
6.44631878454895
3.55958912970383
1.24962905811932
3.36970661559504
0.531154598583388
5.08891739062786
1.6503725652933
5.43014274408775
1.9067185115878
1.11189032296912
0.62853476369882
1.17623495752988
0.160249804470294
1.55158836505718
4.08019645554397
2.4278052720906
1.72814579074155
0.189906471590195
1.24664357448773
1.57757141728806
0.0807935911999924
3.15637236680214
1.75836331585602
2.7104198103454
4.41917624990724
2.06582161510969
2.43825416347103
1.37043477591766
2.36506647684521
0.523041071077091
1.02473684999126
5.16123167578673
1.79115804899387
4.02377507405832
1.52577058117603
0.701741627724611
2.13150693343373
1.7133751727967
1.00045735026511
2.17678221740212
1.20298749833679
0.806821749610498
0.508650069175511
1.58835931044811
1.60030166765674
0.443492060008482
4.01190781991886
2.94291002541084
3.49442481811149
1.14876472984324
2.02722708354212
4.06326896138124
3.04145824957683
0.275890168927664
1.19292422638103
1.424608069705
0.764098482377685
0.6238173659075
1.33527609492829
4.10986734751808
1.40020069331489
2.2228504492777
4.54632581226899
1.34434050761339
3.84093621328516
2.4134295999358
1.50737465138818
1.11558374441635
2.14433253471068
0.569259999856301
1.78645150576954
1.43995879510481
3.60602689563089
5.983584299062
1.42104867501528
1.27699332990671
0.882992169070353
1.96101177794888
2.52842945524693
2.58939830319715
1.85602702629593
0.493344343790049
1.37704762356579
0.493165697505211
3.82789325235927
2.90288160634705
6.23370257570122
1.94651385232795
0.790562626141695
2.37114909365396
0.670089814488317
4.20721362936925
2.99539762377242
2.11917994918838
2.66788542034144
1.67996591225391
0.961877295360043
0.557228097285328
2.06733328893112
1.93162467704325
4.26422253775094
0.69238908807958
2.5891748654149
1.85925913661448
0.430027892285355
1.07516359210984
2.84746392134748
1.85873040988803
7.34925148448311
0.339261000307714
3.02844087131239
1.08303383568702
1.54396908636075
0.549795053162064
0.972031939354299
6.74481026914715
3.63929788428585
1.16890702086379
1.89240952000158
1.93273659845112
3.30906889066338
1.20304628734318
2.99295581140504
1.04688341885158
3.33120162522325
2.77572463181185
2.61313176982571
2.53149773028723
2.51813983351535
8.185152176951
2.51999979216753
3.74255459423817
2.31658733042862
0.981267430552591
0.994453555929828
2.19815503949961
0.0706313669827298
0.797245159405613
0.0681738121760487
1.85229297328583
0.982998724580537
2.04885022650333
1.55678997171729
5.17312083556437
1.34295494157575
0.528203764614005
0.644467437280126
0.630439722257681
0.643095285027258
0.713854961275894
1.3804707921248
0.686125029132507
2.34306259557112
0.979788533006165
1.59638212420596
2.6481228601649
0.166894287049673
2.30290450249719
4.64243921434211
2.38705195706938
0.760945349719038
2.19926934109082
1.36087780275804
1.6978924532968
1.5253303797304
0.724864105246057
2.14025177146145
1.48909301075199
0.413472260531051
1.8073971080239
1.43325992028642
3.17811896164668
0.7274508489511
0.889535723197234
2.00834917182145
1.68033062352364
2.00517997550033
3.07468696208121
2.11987730093138
3.2948508485914
1.11796355655755
1.81663999286257
1.3426936121214
0.977695101322506
0.97219740274538
1.00994890110149
4.24351353107011
1.21934782000895
0.311439990306796
2.16343763185031
3.1336293690334
3.72407481910998
0.434917179356085
2.01603000447637
1.93393686159552
2.15460267120584
1.36629602322501
4.34649356415053
1.41943183541569
0.567620643571991
2.54656306876578
2.17145456449506
0.583328517187176
1.81791588793257
1.44558279086582
3.41729540277847
1.34809829144646
1.21830138607255
1.01780000152351
4.9454881979022
4.78070885552002
1.63273646345447
1.44931811742659
4.17064215927937
5.14952970492065
1.79214922912285
0.238230215738348
1.15186374573278
2.8849698155703
1.33969926565658
0.784631498504416
2.91926363636104
4.15523215732421
2.51445463959868
0.853833265683989
5.48829418065541
1.91220523137576
4.96047244629986
1.2549987731528
2.23972466693976
2.10928172517808
0.789899702320073
1.01652085998796
2.58901946181626
1.73935937221859
1.756314106042
5.1048083612392
4.31349167561236
1.20271148064778
2.41376060918193
1.08662974116314
1.94995504855853
3.23847418497254
0.529104664379756
2.23141355074958
0.53107157045238
2.02883996951743
2.04450787882914
1.95746543567251
1.77334827956602
1.22344690579015
3.58366832781913
1.51999274033591
1.26400568513452
0.688835302693794
3.69213932056157
0.224368590313575
0.837446381313098
2.68455663772564
1.31643213379076
2.83753168566666
2.9683021424527
4.28518289478912
0.829427048277913
0.579675890289693
0.474914092178513
0.512568611057209
5.29710514178571
0.638388490205842
1.79623782020618
1.05237018744071
2.70042916346471
0.179191698951831
1.30063859439441
2.11092433606073
0.788232833495885
2.4546262735972
0.829009123088589
3.3004994891092
0.749692914166537
1.8826408359674
0.817296688614788
0.119741811998619
2.33516280881391
2.45953264177932
2.34863049962052
1.32288905163143
0.990007936422976
5.4813893562612
2.20404792354669
5.00918853007511
1.68216190980359
0.773127859369162
1.50331772037459
2.27280645808069
1.12753770945627
1.23526703154586
2.55192063561268
0.618347517731337
1.18435567713936
1.49438270860483
4.5108889076815
1.81748519383209
3.09047338655751
2.38461933611409
2.86554414651555
0.462252768529654
1.10802858862276
1.47037759703292
3.11053117602987
1.16772619915485
4.43805346984266
1.51634492135278
1.09644645163337
1.90256514814077
0.390443704288082
5.10038297581542
2.09249093872499
3.49272155918925
2.20274407438273
0.448173899739915
0.683721568824268
1.54885731848807
5.41795922828418
1.16668394403027
0.986919243043138
3.07960181732822
2.38801883289344
0.137048937046271
1.9802936940239
4.0720407384033
1.27770429185926
0.979194225329726
6.62393747335038
1.09629504490852
0.462101222796831
6.03814872681672
2.09757358706
0.830156032015997
1.62438473163792
1.22933365823072
1.68522631701079
5.09657511857749
1.09332159749286
5.87903760728903
3.61644610056268
0.639850878534952
0.225971234908275
0.96281177901151
2.05122876356609
3.76083576670405
1.09559411301427
1.50078764581313
1.48820545943182
4.26168517226216
4.31054219076562
3.44926003057287
11.4439336376131
0.419228339002873
1.50788205997754
0.694601433522553
3.24969960719439
4.70476956806968
1.40434410730071
2.29093942581301
1.37439504182654
2.26266578246712
0.444813112510822
1.24520266854994
1.64522917950522
2.517319694064
0.142969586891589
2.10161040115834
2.53843723214161
3.59167173853193
0.680731640143525
0.731608539916262
6.83164650143488
0.906241575432605
2.67440547735293
0.426707296501458
2.68938049940112
1.96292952213066
1.49122151712297
2.93625190584727
1.20915627322598
1.05982218032941
1.0530546397756
2.10713592986909
1.6221186070439
0.618229782377615
1.04235152153974
1.16698365447128
1.40805448011197
1.04872969120025
1.25059889455881
0.210442684012677
3.07285207946616
0.476805151527644
1.53926136745329
1.14515422176136
1.85172007275072
3.99645174053902
3.49181765243315
0.835234110234865
0.141373981345592
0.797167722861205
3.69407729075904
0.911584546724228
1.43842631117975
1.88299147903673
1.66538685682157
0.723271046453981